0.000	3.844	0.171	1.174
0.017	3.663	0.132	1.176
0.034	3.946	0.210	1.175
0.052	3.464	0.176	1.174
0.067	3.812	0.189	1.174
0.084	3.948	0.141	1.176
0.102	3.813	0.087	1.174
0.117	3.802	0.140	1.174
0.134	3.584	0.183	1.173
0.152	3.571	0.141	1.175
0.167	3.501	0.120	1.175
0.184	3.484	0.119	1.175
0.202	3.715	0.169	1.175
0.217	3.790	0.120	1.172
0.234	3.879	0.039	1.174
0.252	3.989	0.057	1.175
0.269	3.967	0.176	1.177
0.284	3.905	0.223	1.176
0.301	3.846	0.238	1.175
0.318	3.801	0.250	1.175
0.335	4.021	0.143	1.176
0.351	3.655	0.243	1.176
0.368	3.274	0.263	1.174
0.385	3.851	0.111	1.173
0.402	4.083	0.206	1.176
0.418	3.947	0.113	1.176
0.435	3.814	0.110	1.176
0.451	3.802	0.075	1.177
0.469	3.885	0.197	1.174
0.484	3.872	0.068	1.177
0.501	3.975	0.070	1.176
0.518	3.686	0.123	1.175
0.535	3.592	0.216	1.175
0.551	3.648	0.365	1.176
0.568	3.821	0.262	1.176
0.585	3.794	0.163	1.177
0.601	3.659	0.087	1.175
0.618	3.645	0.196	1.174
0.635	3.852	0.058	1.176
0.652	3.788	0.108	1.178
0.668	3.880	0.089	1.174
0.685	3.783	0.109	1.173
0.702	3.657	0.080	1.175
0.718	3.775	0.276	1.176
0.735	3.770	0.072	1.178
0.752	3.771	0.128	1.175
0.768	3.692	0.103	1.175
0.785	3.609	0.079	1.173
0.802	3.793	0.060	1.175
0.818	3.838	0.065	1.177
0.835	3.687	0.081	1.174
0.852	3.797	0.215	1.175
0.867	3.859	0.139	1.176
0.885	3.600	0.088	1.175
0.902	3.851	0.141	1.174
0.917	3.744	0.201	1.175
0.935	3.693	0.197	1.174
0.952	3.676	0.150	1.176
0.969	3.776	0.179	1.174
0.985	3.812	0.217	1.176
1.002	3.776	0.086	1.176
1.019	3.698	0.156	1.174
1.034	3.651	0.230	1.174
1.051	3.615	0.080	1.176
1.068	3.868	0.061	1.174
1.085	3.766	0.275	1.175
1.101	3.702	0.169	1.175
1.118	3.631	0.205	1.176
1.135	3.586	0.216	1.177
1.153	4.012	0.090	1.175
1.168	3.816	0.135	1.176
1.185	3.630	0.053	1.175
1.203	3.593	0.202	1.174
1.218	3.877	0.091	1.176
1.235	3.762	0.201	1.176
1.253	3.701	0.215	1.177
1.268	3.736	0.032	1.173
1.285	3.899	0.080	1.177
1.303	3.879	0.154	1.176
1.318	3.788	0.075	1.173
1.335	3.797	0.231	1.176
1.353	3.803	0.299	1.175
1.368	3.675	0.077	1.175
1.385	3.927	0.066	1.174
1.403	3.847	0.048	1.176
1.418	3.846	0.106	1.175
1.435	3.931	0.231	1.178
1.453	3.774	0.253	1.177
1.470	3.954	0.093	1.176
1.485	3.744	0.204	1.175
1.503	4.060	0.206	1.175
1.520	3.590	0.249	1.173
1.535	3.818	0.122	1.175
1.553	3.858	0.043	1.174
1.569	3.767	0.180	1.176
1.586	3.680	0.302	1.177
1.602	3.436	0.211	1.173
1.619	3.631	0.129	1.172
1.636	3.768	0.062	1.175
1.652	3.698	0.050	1.174
1.669	3.612	0.250	1.175
1.686	3.727	0.058	1.175
1.702	3.581	0.048	1.177
1.719	3.808	0.022	1.174
1.736	3.698	0.076	1.175
1.752	3.773	0.116	1.176
1.769	3.680	0.063	1.174
1.786	3.801	0.176	1.175
1.802	3.737	0.186	1.177
1.819	3.879	0.188	1.175
1.836	3.748	0.106	1.175
1.852	3.750	0.148	1.176
1.869	3.703	0.211	1.176
1.886	3.870	0.139	1.174
1.902	3.658	0.106	1.178
1.919	3.755	0.071	1.176
1.936	3.774	0.179	1.175
1.952	4.044	0.116	1.174
1.969	3.878	0.104	1.177
1.986	3.730	0.132	1.175
2.002	3.950	0.166	1.175
2.019	3.917	0.338	1.175
2.036	3.895	0.143	1.175
2.053	3.857	0.106	1.177
2.069	3.762	0.130	1.176
2.086	3.625	0.156	1.174
2.102	3.607	0.122	1.175
2.119	3.839	0.192	1.175
2.136	3.849	0.080	1.177
2.154	3.755	0.102	1.174
2.169	3.642	0.285	1.177
2.186	3.739	0.148	1.176
2.203	3.697	0.234	1.175
2.221	3.730	0.080	1.177
2.236	3.741	0.125	1.177
2.253	3.642	0.068	1.175
2.270	3.930	0.301	1.174
2.286	3.891	0.223	1.174
2.303	3.949	0.041	1.176
2.320	3.761	0.168	1.175
2.337	3.667	0.177	1.174
2.352	3.709	0.200	1.177
2.370	3.942	0.170	1.175
2.387	3.856	0.074	1.178
2.402	3.578	0.304	1.176
2.420	3.799	0.089	1.176
2.437	3.773	0.131	1.175
2.454	3.778	0.121	1.174
2.470	3.718	0.172	1.178
2.487	3.767	0.066	1.174
2.504	3.706	0.165	1.177
2.520	3.811	0.143	1.175
2.537	3.757	0.115	1.173
2.554	3.868	0.056	1.175
2.570	3.886	0.227	1.174
2.587	3.672	0.049	1.177
2.604	3.848	0.244	1.177
2.619	3.882	0.141	1.175
2.636	3.967	0.116	1.174
2.654	3.903	0.109	1.175
2.671	3.777	0.164	1.177
2.686	3.790	0.118	1.175
2.703	3.825	0.080	1.173
2.721	3.882	0.108	1.176
2.738	3.750	0.097	1.175
2.753	3.692	0.265	1.176
2.771	3.860	0.188	1.177
2.787	3.868	0.106	1.174
2.803	3.849	0.161	1.175
2.820	3.773	0.081	1.173
2.837	3.850	0.133	1.176
2.853	3.874	0.083	1.175
2.870	3.826	0.102	1.176
2.887	3.818	0.145	1.176
2.903	3.664	0.100	1.175
2.920	3.569	0.187	1.174
2.937	3.729	0.132	1.174
2.953	3.938	0.122	1.177
2.970	3.837	0.058	1.175
2.987	3.832	0.108	1.173
3.004	3.878	0.366	1.177
3.020	3.888	0.176	1.176
3.037	3.923	0.081	1.175
3.054	3.723	0.157	1.174
3.070	3.767	0.160	1.176
3.087	3.796	0.237	1.177
3.104	3.905	0.196	1.174
3.120	3.793	0.057	1.177
3.137	4.019	0.097	1.174
3.154	3.696	0.181	1.175
3.170	3.869	0.167	1.174
3.187	3.981	0.168	1.174
3.204	3.892	0.192	1.176
3.221	3.837	0.232	1.176
3.238	3.812	0.192	1.175
3.254	3.818	0.082	1.176
3.271	3.877	0.075	1.176
3.288	3.916	0.137	1.172
3.303	3.944	0.108	1.176
3.321	3.809	0.091	1.174
3.338	3.782	0.266	1.175
3.353	3.628	0.081	1.174
3.371	3.872	0.053	1.174
3.388	3.773	0.123	1.175
3.403	3.804	0.196	1.174
3.421	3.869	0.092	1.175
3.438	3.892	0.089	1.174
3.453	3.858	0.157	1.174
3.471	3.820	0.362	1.175
3.488	3.768	0.111	1.176
3.503	3.992	0.217	1.176
3.521	3.736	0.176	1.173
3.538	3.850	0.236	1.175
3.553	3.836	0.087	1.176
3.571	3.756	0.172	1.177
3.588	3.805	0.190	1.177
3.605	3.641	0.145	1.176
3.621	3.808	0.204	1.176
3.638	3.845	0.133	1.172
3.653	3.947	0.207	1.176
3.670	3.655	0.128	1.174
3.688	3.795	0.051	1.175
3.705	3.822	0.095	1.175
3.722	3.766	0.113	1.174
3.737	3.679	0.099	1.175
3.755	3.784	0.205	1.176
3.772	3.799	0.145	1.175
3.787	3.738	0.158	1.175
3.805	3.963	0.144	1.176
3.820	3.742	0.284	1.177
3.838	3.761	0.223	1.176
3.855	3.897	0.094	1.175
3.870	3.780	0.131	1.175
3.887	3.628	0.044	1.175
3.905	3.662	0.109	1.175
3.920	3.780	0.229	1.175
3.937	3.737	0.183	1.176
3.955	3.889	0.107	1.175
3.970	3.727	0.187	1.176
3.987	3.728	0.263	1.175
4.005	3.741	0.108	1.176
4.020	3.772	0.063	1.175
4.037	3.636	0.057	1.175
4.055	3.706	0.162	1.175
4.072	3.756	0.146	1.178
4.087	3.589	0.225	1.176
4.104	3.708	0.159	1.177
4.122	3.752	0.074	1.175
4.137	3.702	0.286	1.176
4.154	3.567	0.206	1.175
4.172	3.645	0.058	1.176
4.189	3.755	0.189	1.173
4.204	3.810	0.209	1.175
4.222	3.897	0.291	1.177
4.239	3.691	0.232	1.174
4.254	3.869	0.095	1.177
4.272	3.677	0.166	1.176
4.289	3.701	0.283	1.174
4.304	3.633	0.144	1.176
4.322	3.672	0.207	1.174
4.339	3.956	0.072	1.176
4.354	3.922	0.235	1.176
4.372	3.606	0.280	1.175
4.389	3.788	0.152	1.175
4.404	3.993	0.153	1.177
4.422	3.828	0.174	1.178
4.439	3.914	0.143	1.178
4.454	3.608	0.178	1.173
4.471	3.803	0.112	1.175
4.489	3.701	0.207	1.177
4.504	3.873	0.102	1.176
4.521	3.762	0.087	1.176
4.539	3.776	0.196	1.175
4.554	3.587	0.214	1.174
4.571	3.737	0.118	1.175
4.589	3.867	0.036	1.175
4.604	3.764	0.231	1.175
4.621	3.655	0.237	1.176
4.639	3.690	0.130	1.177
4.656	3.776	0.040	1.178
4.671	3.804	0.069	1.177
4.689	3.665	0.106	1.175
4.704	3.733	0.242	1.173
4.721	3.723	0.052	1.178
4.739	3.777	0.213	1.175
4.756	3.826	0.136	1.174
4.771	3.743	0.217	1.176
4.789	3.644	0.153	1.174
4.806	3.644	0.147	1.175
4.821	3.817	0.198	1.176
4.839	3.818	0.132	1.178
4.856	3.747	0.143	1.177
4.871	3.862	0.108	1.175
4.889	3.817	0.103	1.176
4.906	3.803	0.154	1.175
4.921	3.832	0.175	1.176
4.939	3.818	0.118	1.175
4.956	3.748	0.169	1.173
4.971	3.815	0.257	1.178
4.989	3.799	0.217	1.176
5.006	3.794	0.277	1.176
5.021	4.120	0.213	1.175
5.039	3.679	0.284	1.177
5.056	3.681	0.092	1.174
5.073	3.697	0.243	1.175
5.089	3.857	0.082	1.177
5.106	3.702	0.104	1.174
5.123	3.682	0.268	1.174
5.139	3.824	0.149	1.174
5.156	3.548	0.031	1.174
5.173	3.816	0.111	1.176
5.189	3.600	0.119	1.175
5.207	3.638	0.228	1.175
5.223	3.755	0.183	1.176
5.238	3.801	0.121	1.175
5.255	3.910	0.094	1.175
5.273	3.631	0.138	1.173
5.289	3.702	0.134	1.176
5.305	3.713	0.189	1.176
5.322	3.682	0.054	1.176
5.339	3.688	0.157	1.176
5.356	3.547	0.085	1.175
5.372	3.667	0.202	1.175
5.389	3.899	0.188	1.176
5.406	3.851	0.045	1.174
5.423	3.715	0.172	1.176
5.438	3.582	0.136	1.175
5.456	3.588	0.145	1.174
5.473	3.694	0.179	1.175
5.488	3.763	0.142	1.176
5.506	3.685	0.266	1.176
5.523	3.815	0.197	1.176
5.540	3.880	0.108	1.177
5.556	3.987	0.147	1.177
5.573	3.710	0.205	1.176
5.588	3.832	0.155	1.178
5.606	3.751	0.182	1.175
5.623	3.731	0.077	1.175
5.638	3.951	0.177	1.175
5.656	3.714	0.122	1.177
5.673	3.849	0.267	1.176
5.690	4.030	0.156	1.177
5.706	3.704	0.091	1.176
5.723	3.915	0.079	1.175
5.740	4.267	0.046	1.178
5.756	3.694	0.147	1.175
5.773	3.637	0.040	1.175
5.790	3.401	0.300	1.174
5.806	4.095	0.201	1.174
5.823	3.694	0.089	1.175
5.840	3.720	0.177	1.175
5.857	3.766	0.207	1.175
5.873	4.087	0.160	1.177
5.890	3.901	0.177	1.177
5.906	3.908	0.117	1.175
5.923	3.951	0.103	1.178
5.940	3.815	0.212	1.175
5.956	3.874	0.086	1.176
5.973	3.902	0.056	1.178
5.990	3.753	0.067	1.174
6.006	3.794	0.219	1.174
6.023	3.851	0.113	1.175
6.040	4.104	0.203	1.177
6.056	3.782	0.193	1.176
6.073	4.200	0.099	1.176
6.090	3.914	0.147	1.176
6.107	3.932	0.084	1.176
6.123	3.911	0.237	1.177
6.140	4.433	0.101	1.175
